# y = (b1+b2*x+b3*x**2+b4*x**3) /  (1+b5*x+b6*x**2+b7*x**3)  +  e
2.44E+001   5.91E-001   8.18E-002
3.48E+001   1.55E+000   8.18E-002
4.41E+001   2.90E+000   8.18E-002
4.51E+001   2.89E+000   8.18E-002
5.50E+001   4.70E+000   8.18E-002
6.55E+001   6.31E+000   8.18E-002
7.05E+001   7.03E+000   8.18E-002
7.57E+001   7.90E+000   8.18E-002
8.96E+001   9.47E+000   8.18E-002
9.11E+001   9.48E+000   8.18E-002
9.64E+001   1.01E+001   8.18E-002
9.72E+001   1.02E+001   8.18E-002
1.14E+002   1.16E+001   8.18E-002
1.20E+002   1.20E+001   8.18E-002
1.27E+002   1.25E+001   8.18E-002
1.34E+002   1.30E+001   8.18E-002
1.34E+002   1.30E+001   8.18E-002
1.59E+002   1.39E+001   8.18E-002
1.73E+002   1.45E+001   8.18E-002
1.71E+002   1.44E+001   8.18E-002
2.02E+002   1.52E+001   8.18E-002
2.21E+002   1.56E+001   8.18E-002
2.21E+002   1.55E+001   8.18E-002
2.21E+002   1.55E+001   8.18E-002
2.51E+002   1.61E+001   8.18E-002
2.69E+002   1.64E+001   8.18E-002
2.72E+002   1.64E+001   8.18E-002
2.72E+002   1.65E+001   8.18E-002
3.21E+002   1.69E+001   8.18E-002
3.22E+002   1.68E+001   8.18E-002
3.30E+002   1.69E+001   8.18E-002
3.33E+002   1.69E+001   8.18E-002
3.33E+002   1.70E+001   8.18E-002
3.41E+002   1.71E+001   8.18E-002
3.46E+002   1.71E+001   8.18E-002
3.73E+002   1.73E+001   8.18E-002
3.74E+002   1.74E+001   8.18E-002
4.12E+002   1.77E+001   8.18E-002
4.20E+002   1.78E+001   8.18E-002
4.22E+002   1.78E+001   8.18E-002
4.22E+002   1.78E+001   8.18E-002
4.22E+002   1.78E+001   8.18E-002
4.23E+002   1.77E+001   8.18E-002
4.42E+002   1.79E+001   8.18E-002
4.47E+002   1.79E+001   8.18E-002
4.49E+002   1.79E+001   8.18E-002
4.73E+002   1.80E+001   8.18E-002
4.77E+002   1.81E+001   8.18E-002
5.22E+002   1.83E+001   8.18E-002
5.23E+002   1.84E+001   8.18E-002
5.24E+002   1.84E+001   8.18E-002
5.47E+002   1.86E+001   8.18E-002
5.50E+002   1.86E+001   8.18E-002
5.75E+002   1.89E+001   8.18E-002
5.76E+002   1.88E+001   8.18E-002
6.26E+002   1.91E+001   8.18E-002
2.02E+001   3.67E-001   8.18E-002
2.88E+001   7.96E-001   8.18E-002
2.96E+001   8.92E-001   8.18E-002
3.74E+001   1.90E+000   8.18E-002
3.91E+001   2.15E+000   8.18E-002
5.02E+001   3.70E+000   8.18E-002
6.14E+001   5.87E+000   8.18E-002
6.63E+001   6.42E+000   8.18E-002
7.34E+001   7.42E+000   8.18E-002
9.55E+001   9.94E+000   8.18E-002
1.07E+002   1.10E+001   8.18E-002
1.22E+002   1.19E+001   8.18E-002
1.34E+002   1.28E+001   8.18E-002
1.63E+002   1.41E+001   8.18E-002
1.63E+002   1.40E+001   8.18E-002
1.76E+002   1.45E+001   8.18E-002
1.80E+002   1.45E+001   8.18E-002
2.11E+002   1.54E+001   8.18E-002
2.18E+002   1.55E+001   8.18E-002
2.19E+002   1.56E+001   8.18E-002
2.63E+002   1.61E+001   8.18E-002
2.68E+002   1.63E+001   8.18E-002
2.69E+002   1.62E+001   8.18E-002
3.36E+002   1.69E+001   8.18E-002
3.37E+002   1.70E+001   8.18E-002
3.39E+002   1.70E+001   8.18E-002
4.27E+002   1.78E+001   8.18E-002
4.29E+002   1.78E+001   8.18E-002
4.33E+002   1.79E+001   8.18E-002
5.29E+002   1.85E+001   8.18E-002
5.31E+002   1.85E+001   8.18E-002
6.28E+002   1.91E+001   8.18E-002
2.53E+002   1.61E+001   8.18E-002
2.73E+002   1.63E+001   8.18E-002
2.74E+002   1.63E+001   8.18E-002
2.82E+002   1.64E+001   8.18E-002
3.47E+002   1.72E+001   8.18E-002
3.47E+002   1.71E+001   8.18E-002
3.49E+002   1.72E+001   8.18E-002
3.51E+002   1.71E+001   8.18E-002
4.50E+002   1.80E+001   8.18E-002
4.50E+002   1.80E+001   8.18E-002
4.52E+002   1.80E+001   8.18E-002
4.56E+002   1.80E+001   8.18E-002
5.52E+002   1.85E+001   8.18E-002
5.54E+002   1.87E+001   8.18E-002
5.56E+002   1.86E+001   8.18E-002
6.53E+002   1.94E+001   8.18E-002
6.56E+002   1.93E+001   8.18E-002
1.41E+001   8.00E-002   8.18E-002
2.04E+001   2.48E-001   8.18E-002
3.13E+001   1.09E+000   8.18E-002
3.38E+001   1.42E+000   8.18E-002
3.97E+001   2.28E+000   8.18E-002
4.88E+001   3.62E+000   8.18E-002
5.45E+001   4.57E+000   8.18E-002
6.04E+001   5.56E+000   8.18E-002
7.28E+001   7.27E+000   8.18E-002
7.53E+001   7.70E+000   8.18E-002
8.68E+001   9.14E+000   8.18E-002
9.49E+001   9.96E+000   8.18E-002
9.64E+001   9.96E+000   8.18E-002
1.17E+002   1.16E+001   8.18E-002
1.39E+002   1.31E+001   8.18E-002
1.48E+002   1.36E+001   8.18E-002
1.59E+002   1.39E+001   8.18E-002
1.62E+002   1.40E+001   8.18E-002
1.92E+002   1.49E+001   8.18E-002
2.07E+002   1.55E+001   8.18E-002
2.09E+002   1.54E+001   8.18E-002
2.13E+002   1.55E+001   8.18E-002
2.26E+002   1.59E+001   8.18E-002
2.37E+002   1.61E+001   8.18E-002
3.31E+002   1.71E+001   8.18E-002
3.59E+002   1.71E+001   8.18E-002
3.71E+002   1.73E+001   8.18E-002
3.73E+002   1.74E+001   8.18E-002
3.96E+002   1.75E+001   8.18E-002
4.17E+002   1.78E+001   8.18E-002
4.84E+002   1.82E+001   8.18E-002
4.95E+002   1.83E+001   8.18E-002
5.15E+002   1.82E+001   8.18E-002
5.16E+002   1.82E+001   8.18E-002
5.19E+002   1.85E+001   8.18E-002
5.44E+002   1.86E+001   8.18E-002
5.60E+002   1.87E+001   8.18E-002
6.21E+002   1.91E+001   8.18E-002
1.90E+001   2.14E-001   8.18E-002
2.89E+001   9.43E-001   8.18E-002
3.39E+001   1.43E+000   8.18E-002
4.00E+001   2.24E+000   8.18E-002
4.47E+001   2.95E+000   8.18E-002
4.99E+001   3.78E+000   8.18E-002
5.52E+001   4.76E+000   8.18E-002
6.09E+001   5.60E+000   8.18E-002
7.21E+001   7.17E+000   8.18E-002
8.52E+001   8.92E+000   8.18E-002
9.71E+001   1.01E+001   8.18E-002
1.20E+002   1.20E+001   8.18E-002
1.33E+002   1.29E+001   8.18E-002
1.44E+002   1.34E+001   8.18E-002
1.62E+002   1.42E+001   8.18E-002
1.81E+002   1.48E+001   8.18E-002
1.98E+002   1.52E+001   8.18E-002
2.27E+002   1.57E+001   8.18E-002
2.30E+002   1.57E+001   8.18E-002
2.58E+002   1.62E+001   8.18E-002
2.74E+002   1.64E+001   8.18E-002
3.39E+002   1.70E+001   8.18E-002
3.50E+002   1.71E+001   8.18E-002
3.63E+002   1.72E+001   8.18E-002
3.71E+002   1.73E+001   8.18E-002
3.93E+002   1.73E+001   8.18E-002
4.49E+002   1.78E+001   8.18E-002
4.74E+002   1.81E+001   8.18E-002
5.11E+002   1.85E+001   8.18E-002
5.25E+002   1.86E+001   8.18E-002
5.49E+002   1.86E+001   8.18E-002
5.52E+002   1.87E+001   8.18E-002
5.74E+002   1.89E+001   8.18E-002
6.24E+002   1.91E+001   8.18E-002
2.15E+001   3.75E-001   8.18E-002
2.43E+001   4.71E-001   8.18E-002
3.34E+001   1.50E+000   8.18E-002
3.92E+001   2.20E+000   8.18E-002
4.42E+001   2.81E+000   8.18E-002
5.50E+001   4.77E+000   8.18E-002
9.43E+001   9.84E+000   8.18E-002
9.64E+001   1.00E+001   8.18E-002
1.19E+002   1.19E+001   8.18E-002
1.28E+002   1.26E+001   8.18E-002
1.42E+002   1.33E+001   8.18E-002
1.57E+002   1.39E+001   8.18E-002
1.72E+002   1.44E+001   8.18E-002
1.90E+002   1.50E+001   8.18E-002
2.23E+002   1.56E+001   8.18E-002
2.24E+002   1.56E+001   8.18E-002
2.32E+002   1.58E+001   8.18E-002
2.65E+002   1.63E+001   8.18E-002
2.69E+002   1.63E+001   8.18E-002
2.72E+002   1.64E+001   8.18E-002
2.73E+002   1.64E+001   8.18E-002
3.35E+002   1.70E+001   8.18E-002
3.40E+002   1.70E+001   8.18E-002
3.50E+002   1.72E+001   8.18E-002
3.58E+002   1.71E+001   8.18E-002
3.78E+002   1.73E+001   8.18E-002
3.95E+002   1.76E+001   8.18E-002
4.30E+002   1.78E+001   8.18E-002
4.68E+002   1.81E+001   8.18E-002
4.87E+002   1.83E+001   8.18E-002
5.20E+002   1.84E+001   8.18E-002
5.23E+002   1.85E+001   8.18E-002
6.13E+002   1.91E+001   8.18E-002
6.39E+002   1.91E+001   8.18E-002
6.41E+002   1.92E+001   8.18E-002
6.22E+002   1.93E+001   8.18E-002
6.32E+002   1.91E+001   8.18E-002
6.64E+002   1.94E+001   8.18E-002
6.47E+002   1.93E+001   8.18E-002
7.48E+002   1.99E+001   8.18E-002
7.49E+002   2.00E+001   8.18E-002
7.50E+002   1.99E+001   8.18E-002
6.47E+002   1.93E+001   8.18E-002
6.47E+002   1.93E+001   8.18E-002
7.47E+002   2.00E+001   8.18E-002
7.48E+002   2.01E+001   8.18E-002
7.47E+002   2.01E+001   8.18E-002
7.49E+002   2.01E+001   8.18E-002
6.48E+002   1.93E+001   8.18E-002
7.48E+002   2.00E+001   8.18E-002
7.51E+002   2.01E+001   8.18E-002
8.51E+002   2.07E+001   8.18E-002
8.46E+002   2.08E+001   8.18E-002
8.48E+002   2.09E+001   8.18E-002
8.50E+002   2.10E+001   8.18E-002
8.52E+002   2.09E+001   8.18E-002
8.50E+002   2.11E+001   8.18E-002
8.51E+002   2.11E+001   8.18E-002
8.48E+002   2.09E+001   8.18E-002
