6.39000239208575 1 0.1
0.078069096326639 0 0.1
-3.63535718030025 0 0.1
-3.8604169739944 0 0.1
6.42704444426259 1 0.1
15.9424471691075 1 0.1
-16.885665919765 0 0.1
3.5474490269111 1 0.1
-20.4058152237699 0 0.1
7.4025115911937 1 0.1
4.17424685215966 1 0.1
3.31472745723375 1 0.1
14.4805278036791 1 0.1
10.4484035787713 1 0.1
7.5761383155653 1 0.1
6.95749788591963 1 0.1
3.56425458045345 1 0.1
5.06003131675196 1 0.1
-7.36681590425747 0 0.1
-1.3542654256971 0 0.1
-12.7690932381422 0 0.1
19.6391131302994 1 0.1
-2.00148020527852 0 0.1
4.73531407126164 1 0.1
-0.490572510164018 0 0.1
