0 0 1.0
1 0 1.0
2 0 1.0
3 0 1.0
4 0 1.0
5 0 1.0
6 0 1.0
7 0 1.0
8 0 1.0
9 0 1.0
10 0 1.0
11 0 1.0
12 0 1.0
13 0 1.0
14 0 1.0
15 0 1.0
16 0 1.0
17 0 1.0
18 0 1.0
19 0 1.0
20 0 1.0
21 0 1.0
22 0 1.0
23 0 1.0
24 0 1.0
25 0 1.0
26 1 1.9999995
27 3 2.73204820949
28 3 2.73204820949
29 6 3.4494823943
30 17 5.12307057907
31 44 7.63310364761
32 118 11.8621395682
33 219 15.7970280462
34 476 22.8122310642
35 912 31.1855637019
36 1586 40.7930220516
37 2634 52.2548733683
38 4475 67.7455944239
39 7068 84.7737630526
40 10989 105.250860327
41 16062 126.714009386
42 22437 149.099902198
43 30131 171.947719607
44 38847 194.230201032
45 48684 216.206570866
46 57865 234.487990644
47 66842 250.748167233
48 73549 262.035523634
49 77656 268.629493263
50 79461 271.456927216
51 77961 269.110205846
52 73634 262.174336496
53 66669 250.447879203
54 57474 233.74608337
55 48260 215.315124058
56 38945 194.463916468
57 30393 172.666145617
58 22287 148.615343481
59 15784 125.638939918
60 10961 105.119433724
61 7126 85.1143276975
62 4386 67.0814876043
63 2626 52.1771836271
64 1649 41.5743859966
65 883 30.7021937069
66 434 21.8281454767
67 241 16.5223039205
68 114 11.6764696412
69 58 8.61555224524
70 21 5.58252757766
71 5 3.23606238732
72 2 2.41421214816
73 1 1.9999995
74 0 1.0
75 0 1.0
76 0 1.0
77 0 1.0
78 0 1.0
79 0 1.0
80 1 1.9999995
81 0 1.0
82 0 1.0
83 0 1.0
84 0 1.0
85 0 1.0
86 0 1.0
87 0 1.0
88 0 1.0
89 0 1.0
90 0 1.0
91 0 1.0
92 0 1.0
93 0 1.0
94 0 1.0
95 0 1.0
96 0 1.0
97 0 1.0
98 0 1.0
99 0 1.0
