1 0.636 0.075789181286
2 1.524 0.121589473229
3 2.563 0.147787008901
4 3.605 0.13749545447
5 4.696 0.138794812583
6 5.821 0.105966975988
7 6.892 0.132045446722
8 8.053 0.137335355972
9 9.205 0.201606051496
10 10.334 0.134253491575
11 11.48 0.146492320618
12 12.662 0.124161185561
13 13.863 0.135133267555
14 15.158 0.152433592098
15 16.411 0.135458480724
16 17.661 0.138452157802
17 18.863 0.139645980966
18 20.062 0.12789057823
19 21.233 0.161681786235
20 22.496 0.141294019689
21 23.842 0.177527462664
22 25.194 0.175909067418
23 26.609 0.175866426586
24 28.2 0.264348255149
25 29.653 0.143391073641
26 31.022 0.175715679437
27 32.545 0.278612634315
28 33.937 0.175502136739
29 35.327 0.193186438447
30 36.828 0.188297636735
31 38.322 0.222387049983
32 39.892 0.193845299144
33 41.391 0.206274089502
34 42.908 0.201881153157
35 44.343 0.146768525236
36 45.876 0.298971570555
37 47.359 0.213140798534
38 48.828 0.227894712532
39 50.435 0.202447524065
40 52.029 0.254418945835
41 53.643 0.218313994055
42 54.871 0.0713372273078
43 56.512 0.321023363636
44 58.183 0.295128785448
45 59.967 0.435340096936
46 61.829 0.342562403074
47 63.59 0.237191905427
48 65.305 0.232303680556
49 67.098 0.286593789186
50 68.796 0.208144180799
51 70.509 0.257155594922
52 72.309 0.20997380789
53 74.089 0.197050754883
54 75.916 0.524675137585
55 77.573 0.374140347999
56 79.53 0.65493511129
57 81.129 0.279908913756
58 83.134 0.2848227519
59 84.96 0.271145717281
60 86.795 0.263258428165
61 88.62 0.280071419464
62 90.448 0.271470072016
63 92.321 0.299347624009
64 94.207 0.292576485727
65 98.149 2.03116936763
66 98.927 0.502395262718
67 102.755 1.15054117701
68 102.316 0.967535012288
69 103.421 0.311783578784
70 105.379 0.305759709574
71 107.189 0.307878222679
72 109.216 0.311583054737
73 111.032 0.299091959101
74 113.101 0.343378799577
75 114.933 0.326252969334
76 116.99 0.319155134693
77 118.837 0.303481465664
78 120.891 0.30526873407
79 122.742 0.316727011795
80 124.83 0.299132077853
81 126.825 0.375319863584
82 128.93 0.295770181053
83 130.619 0.329558795969
84 132.768 0.330115131431
85 134.685 0.326993883735
86 138.136 2.20582954917
87 144.187 1.62333021903
88 146.676 1.28288892738
89 149.705 0.859491128516
90 155.712 2.04529606659
91 156.882 1.56631925226
92 156.976 0.702839953329
93 159.863 0.5510725905
94 161.871 0.646350524096
95 186.237 17.2761350134
96 192.775 10.8936497557
97 174.053 1.83339602923
98 175.828 0.5519746371
99 180.79 2.34220835965
