1.00293E+01	-3.31392E+01	1.86000E-03
1.00885E+01	-3.31016E+01	1.86000E-03
1.01444E+01	-3.30668E+01	1.86000E-03
1.01974E+01	-3.30350E+01	1.86000E-03
1.02477E+01	-3.30031E+01	1.86000E-03
1.02956E+01	-3.29713E+01	1.86000E-03
1.03413E+01	-3.29423E+01	1.86000E-03
1.03850E+01	-3.29163E+01	1.86000E-03
1.04268E+01	-3.28902E+01	1.86000E-03
1.04670E+01	-3.28641E+01	1.86000E-03
1.05056E+01	-3.28410E+01	1.86000E-03
1.05428E+01	-3.28178E+01	1.86000E-03
1.05787E+01	-3.27975E+01	1.86000E-03
1.06133E+01	-3.27743E+01	1.86000E-03
1.06468E+01	-3.27570E+01	1.86000E-03
1.06792E+01	-3.27338E+01	1.86000E-03
1.07105E+01	-3.27164E+01	1.86000E-03
1.07409E+01	-3.26991E+01	1.86000E-03
1.07704E+01	-3.26788E+01	1.86000E-03
1.07991E+01	-3.26614E+01	1.86000E-03
1.08270E+01	-3.26440E+01	1.86000E-03
1.08541E+01	-3.26267E+01	1.86000E-03
1.08805E+01	-3.26122E+01	1.86000E-03
1.09062E+01	-3.25977E+01	1.86000E-03
1.09313E+01	-3.25832E+01	1.86000E-03
1.09557E+01	-3.25687E+01	1.86000E-03
1.09796E+01	-3.25543E+01	1.86000E-03
1.10029E+01	-3.25398E+01	1.86000E-03
1.10257E+01	-3.25253E+01	1.86000E-03
1.10480E+01	-3.25108E+01	1.86000E-03
1.10698E+01	-3.24992E+01	1.86000E-03
1.10911E+01	-3.24876E+01	1.86000E-03
1.11120E+01	-3.24732E+01	1.86000E-03
1.11324E+01	-3.24616E+01	1.86000E-03
1.11525E+01	-3.24355E+01	1.86000E-03
1.11721E+01	-3.24355E+01	1.86000E-03
1.11914E+01	-3.24268E+01	1.86000E-03
1.12103E+01	-3.24123E+01	1.86000E-03
1.12289E+01	-3.24008E+01	1.86000E-03
1.12471E+01	-3.23921E+01	1.86000E-03
1.12650E+01	-3.23805E+01	1.86000E-03
1.12826E+01	-3.23660E+01	1.86000E-03
1.12998E+01	-3.23573E+01	1.86000E-03
1.13168E+01	-3.23486E+01	1.86000E-03
1.13335E+01	-3.23399E+01	1.86000E-03
1.13499E+01	-3.23284E+01	1.86000E-03
1.13661E+01	-3.23197E+01	1.86000E-03
1.13820E+01	-3.23110E+01	1.86000E-03
1.13977E+01	-3.22994E+01	1.86000E-03
1.14131E+01	-3.22907E+01	1.86000E-03
1.14282E+01	-3.22820E+01	1.86000E-03
1.14432E+01	-3.22733E+01	1.86000E-03
1.14579E+01	-3.22646E+01	1.86000E-03
1.14724E+01	-3.22560E+01	1.86000E-03
1.14868E+01	-3.22473E+01	1.86000E-03
1.15009E+01	-3.22386E+01	1.86000E-03
1.15148E+01	-3.22299E+01	1.86000E-03
1.15285E+01	-3.22241E+01	1.86000E-03
1.15420E+01	-3.22154E+01	1.86000E-03
1.15554E+01	-3.22038E+01	1.86000E-03
1.15686E+01	-3.21980E+01	1.86000E-03
1.15816E+01	-3.21894E+01	1.86000E-03
1.15944E+01	-3.21836E+01	1.86000E-03
1.16071E+01	-3.21749E+01	1.86000E-03
1.16196E+01	-3.21691E+01	1.86000E-03
1.16320E+01	-3.21633E+01	1.86000E-03
1.16442E+01	-3.21546E+01	1.86000E-03
1.16563E+01	-3.21459E+01	1.86000E-03
1.16682E+01	-3.21401E+01	1.86000E-03
1.16800E+01	-3.21314E+01	1.86000E-03
1.16916E+01	-3.21256E+01	1.86000E-03
1.17031E+01	-3.21198E+01	1.86000E-03
1.17145E+01	-3.21112E+01	1.86000E-03
1.17258E+01	-3.21054E+01	1.86000E-03
1.17369E+01	-3.20967E+01	1.86000E-03
1.17479E+01	-3.20909E+01	1.86000E-03
1.17588E+01	-3.20880E+01	1.86000E-03
1.17696E+01	-3.20793E+01	1.86000E-03
1.17802E+01	-3.20735E+01	1.86000E-03
1.17907E+01	-3.20677E+01	1.86000E-03
1.18012E+01	-3.20619E+01	1.86000E-03
1.18115E+01	-3.20561E+01	1.86000E-03
1.18217E+01	-3.20503E+01	1.86000E-03
1.18318E+01	-3.20445E+01	1.86000E-03
1.18418E+01	-3.20388E+01	1.86000E-03
1.18517E+01	-3.20330E+01	1.86000E-03
1.18616E+01	-3.20272E+01	1.86000E-03
1.18713E+01	-3.20243E+01	1.86000E-03
1.18809E+01	-3.20185E+01	1.86000E-03
1.18904E+01	-3.20127E+01	1.86000E-03
1.18999E+01	-3.20040E+01	1.86000E-03
1.19092E+01	-3.20011E+01	1.86000E-03
1.19185E+01	-3.19953E+01	1.86000E-03
1.19277E+01	-3.19895E+01	1.86000E-03
1.19368E+01	-3.19837E+01	1.86000E-03
1.19458E+01	-3.19779E+01	1.86000E-03
1.19547E+01	-3.19721E+01	1.86000E-03
1.19636E+01	-3.19693E+01	1.86000E-03
1.19724E+01	-3.19635E+01	1.86000E-03
1.19811E+01	-3.19577E+01	1.86000E-03
1.19897E+01	-3.19519E+01	1.86000E-03
1.19983E+01	-3.19461E+01	1.86000E-03
1.20067E+01	-3.19403E+01	1.86000E-03
1.20152E+01	-3.19374E+01	1.86000E-03
1.20235E+01	-3.19316E+01	1.86000E-03
1.20318E+01	-3.19258E+01	1.86000E-03
1.20400E+01	-3.19229E+01	1.86000E-03
1.20481E+01	-3.19171E+01	1.86000E-03
1.20562E+01	-3.19113E+01	1.86000E-03
1.20642E+01	-3.19084E+01	1.86000E-03
1.20721E+01	-3.19026E+01	1.86000E-03
1.20800E+01	-3.18969E+01	1.86000E-03
1.20878E+01	-3.18940E+01	1.86000E-03
1.20956E+01	-3.18882E+01	1.86000E-03
1.21033E+01	-3.18853E+01	1.86000E-03
1.21109E+01	-3.18824E+01	1.86000E-03
1.21185E+01	-3.18766E+01	1.86000E-03
1.21260E+01	-3.18737E+01	1.86000E-03
1.21335E+01	-3.18679E+01	1.86000E-03
1.21409E+01	-3.18621E+01	1.86000E-03
1.21483E+01	-3.18592E+01	1.86000E-03
1.21556E+01	-3.18563E+01	1.86000E-03
1.21628E+01	-3.18505E+01	1.86000E-03
1.21700E+01	-3.18447E+01	1.86000E-03
1.21772E+01	-3.18418E+01	1.86000E-03
1.21843E+01	-3.18389E+01	1.86000E-03
1.21913E+01	-3.18331E+01	1.86000E-03
1.21983E+01	-3.18302E+01	1.86000E-03
1.22053E+01	-3.18273E+01	1.86000E-03
1.22122E+01	-3.18216E+01	1.86000E-03
1.22190E+01	-3.18187E+01	1.86000E-03
1.22258E+01	-3.18129E+01	1.86000E-03
1.22326E+01	-3.18100E+01	1.86000E-03
1.22393E+01	-3.18071E+01	1.86000E-03
1.22460E+01	-3.18013E+01	1.86000E-03
1.22526E+01	-3.17984E+01	1.86000E-03
1.22592E+01	-3.17955E+01	1.86000E-03
1.22658E+01	-3.17897E+01	1.86000E-03
1.22722E+01	-3.17868E+01	1.86000E-03
7.44717E+00	-3.48347E+01	1.86000E-03
8.10259E+00	-3.43932E+01	1.86000E-03
8.45255E+00	-3.41529E+01	1.86000E-03
8.71128E+00	-3.39791E+01	1.86000E-03
8.91677E+00	-3.38459E+01	1.86000E-03
9.08716E+00	-3.37329E+01	1.86000E-03
9.23259E+00	-3.36403E+01	1.86000E-03
9.35954E+00	-3.35592E+01	1.86000E-03
9.47217E+00	-3.34868E+01	1.86000E-03
9.57338E+00	-3.34231E+01	1.86000E-03
9.66529E+00	-3.33651E+01	1.86000E-03
9.74946E+00	-3.33130E+01	1.86000E-03
9.82709E+00	-3.32609E+01	1.86000E-03
9.89913E+00	-3.32174E+01	1.86000E-03
9.96632E+00	-3.31769E+01	1.86000E-03
