# y =  b1 - b2*x - arctan[b3/(x-b4)]/pi  +  e
0.252429    -4868.680000    0.004854
0.252141    -4868.090000    0.004854
0.251809    -4867.410000    0.004854
0.297989    -3375.190000    0.004854
0.296257    -3373.140000    0.004854
0.295319    -3372.030000    0.004854
0.339603    -2473.740000    0.004854
0.337731    -2472.350000    0.004854
0.333820    -2469.450000    0.004854
0.389510    -1894.650000    0.004854
0.386998    -1893.400000    0.004854
0.438864    -1497.240000    0.004854
0.434887    -1495.850000    0.004854
0.427893    -1493.410000    0.004854
0.471568    -1208.680000    0.004854
0.461699    -1206.180000    0.004854
0.461144    -1206.040000    0.004854
0.513532    -997.920000 0.004854
0.506641    -996.610000 0.004854
0.505062    -996.310000 0.004854
0.535648    -834.940000 0.004854
0.533726    -834.660000 0.004854
0.568064    -710.030000 0.004854
0.612886    -530.160000 0.004854
0.624169    -464.170000 0.004854