0.0166316866023 0.184082 0.00406557449815
0.0239616367479 0.237575 0.00253699921167
0.203066218474 0.868774 0.00206156833503
0.230188364986 0.92007 0.00126620693411
0.249898383102 0.955546 0.00223929989059
0.383707966532 1.111035 0.00105310255911
0.414835739934 1.13088 0.00048
0.537623815341 1.149 0.000580172388174
0.57557012684 1.13559 0.00099679486355
0.676557859326 1.054806 0.00123676351822
0.695152057458 1.032854 0.00187328161257
0.722652340486 0.997336 0.00154311503136
0.729712536855 0.98727 0.00157771987374
0.772797356769 0.915534 0.00180181686084
0.811185265495 0.835678 0.00207634679184
0.812812523019 0.833508 0.00215258820957
0.848558153023 0.746582 0.0032302099003
0.880291666096 0.653874 0.00294413043189
0.896241850134 0.599946 0.00434325039573
0.923967280104 0.494286 0.00367633567564
